25441115
26457880
26457891
26458957
26459045
26459046
26459694
26461691
26461696
26466360
26466400
26466433
26466789
26466795
26466800
26466868
26467521
26467695
26467741
26467770
26467777
26467800
26467808
26467836
26468228
26468366
26468411
26468495
26468544
26468597
26468820
26469397
26469756
26469887
26469907
26470198
26470836
26470934
26470952
26471037
26471218
26471264
26471285
26471899
26471906
26472014
26472075
26472124
26472429
26473275
26473280
26473285
26473310
26473312
26474432
26474774
26474779
26474950
26476081
26476088
26476462
26476465
26481467
26489654
26489990
26490191
26490237
26490352
26490465
26490936
26490958
26490979
26491022
26491023
26491043
26492420
26492602
26492661
26492713
26493197
26493895
26493896
26493908
26493910
26493945
26499299
26499301
26499307
26499318
26499319
26501764
26501777
26503038
26503361
26504209
26504261
26504263
26504265
26505774
26513969
26513974
26514423
26514424
26514428
26514444
26514467
26514612
26514616
26520183
26520188
26533842
26533851
26538926
26538971
26538976
26539368
26539409
26539438
26539745
26539842
26540911
26540916
26540917
26540926
26541078
26541080
26541084
26541096
26541099
26544511
26544512
26544515
26544517
26544522
26552742
26554670
26554671
26554672
26555934
26555935
26555942
26555962
26557781
26563787
26565937
26576850
26576857
26576858
26576862
26576865
26576871
26576875
26576876
26576879
26578058
26578189
26578223
26583005
26584824
26589638
26593973
26593983
26593991
26594001
26594005
26594006
26594011
26594013
26594014
26632211
26636536
26727777
26729046
26729146
26748349
26750896
26810945
26817270
26817375
26818061
26897177
26897341
26897346
26897372
26897384
26897395
26897480
26897483
26897491
26897911
26897921
26953508
26994965
26994966
27037416
27037433
27043041
27056623
27123437
27151233
27187027
27187050
27187136
27187818
27285799
27350631
27350894
27844970
27845003
27845073
28594588
29649881
29650076
29650123
29650156
29872282
29872483
29872639
31764933
33022188
33176301
33176303
33190927
33298602
33298623
36495214
36495217
36495219
37504901
37890351
41138720
41138734
46647387
47328056
56491873
56491880
56491899
56491913
56492345
56492383
56498187
56498190
56506293
56513985
56523768
56523829
56523854
56535786
56555667
56556049
59072342
59072354
59072372
pollution_14
pollution_24
