25441113
26451871
26451878
26457573
26458133
26458136
26459111
26459694
26459977
26460817
26461696
26461718
26461729
26461746
26461843
26461855
26466400
26466433
26466757
26466803
26466804
26466843
26467347
26467484
26467675
26467790
26467836
26467849
26467857
26468144
26468206
26468239
26468253
26468411
26468495
26468597
26468689
26468868
26468897
26468940
26470105
26470210
26470829
26470934
26471070
26471323
26471340
26471347
26471699
26471747
26471829
26472014
26472543
26473272
26473285
26473299
26473310
26474739
26474950
26475291
26475436
26475444
26475607
26476460
26476473
26476485
26476494
26476495
26477815
26481540
26486993
26489652
26489967
26489980
26489990
26489998
26490019
26490024
26490237
26490465
26490498
26490871
26491033
26491038
26491043
26491360
26491687
26491874
26492256
26492403
26492413
26492430
26492433
26492435
26492480
26492661
26492679
26492815
26493198
26493205
26493211
26493212
26493888
26493905
26493908
26493958
26499301
26499318
26501776
26501777
26503380
26503743
26504250
26504265
26514431
26514436
26514473
26520188
26533166
26533843
26533844
26538074
26538674
26539148
26539174
26539438
26539741
26539844
26540922
26540923
26541080
26541237
26543613
26544492
26544508
26544509
26544522
26544525
26548929
26550293
26550995
26551789
26552353
26552910
26554671
26554923
26555934
26556182
26557781
26566150
26569928
26569965
26570603
26570609
26570646
26574502
26576865
26576869
26576870
26578189
26578201
26578223
26578335
26578377
26578387
26582995
26583005
26583009
26583025
26583039
26583096
26583314
26583321
26583339
26589638
26593205
26593460
26593978
26594007
26594009
26594012
26632566
26817136
26817161
26817270
26818055
26818057
26828107
26829299
26831760
26897190
26897384
26897393
26897483
26897507
26898128
26898145
26898169
26898178
27056601
27056611
27056614
27187050
27216880
27216881
27285799
27396801
27614576
27845028
28235840
28593827
28595587
28595729
28707990
29650009
29650061
29872483
30563665
30563970
31764927
33155882
33158105
33176301
33176303
36495215
36495217
41138726
43187449
47328036
47328049
55491653
56490597
56490663
56492051
56492378
56498187
56513955
56523758
56523829
56555631
56556049
57239635
57239706
57239735
57239747
57239774
59072372
59072378
60754132
60754137
60754142
pollution_8
