25441112
25441113
25441114
25441115
25441162
25505067
26377579
26438108
26451872
26454139
26454140
26454143
26454429
26454805
26456036
26456037
26456038
26456353
26457317
26457573
26457857
26457865
26457878
26457880
26457885
26457891
26457949
26457953
26457969
26457974
26457980
26457988
26457998
26458000
26458005
26458011
26458017
26458019
26458033
26458049
26458053
26458059
26458112
26458117
26458122
26458124
26458126
26458136
26458613
26458957
26459045
26459046
26459050
26459061
26459096
26459097
26459102
26459109
26459125
26459129
26459138
26459139
26459141
26459144
26459148
26459174
26459175
26459616
26459641
26459656
26459658
26459667
26459677
26459690
26459694
26459725
26459748
26459756
26459771
26459794
26459811
26459823
26459915
26459938
26459952
26459968
26459978
26459996
26460002
26460008
26460023
26460060
26460097
26460106
26460109
26460121
26460153
26460731
26460734
26461691
26461696
26461704
26461716
26461729
26461749
26461751
26461766
26461767
26461790
26461792
26461810
26461814
26461825
26461827
26461829
26461830
26461846
26461848
26461854
26461855
26466171
26466179
26466250
26466265
26466279
26466338
26466350
26466360
26466400
26466415
26466433
26466443
26466492
26466503
26466506
26466533
26466586
26466600
26466623
26466632
26466674
26466698
26466757
26466787
26466788
26466789
26466791
26466793
26466794
26466795
26466796
26466797
26466800
26466803
26466816
26466825
26466843
26466861
26466868
26466878
26466902
26466945
26466961
26466971
26466986
26466995
26467011
26467019
26467023
26467080
26467339
26467347
26467370
26467393
26467402
26467448
26467474
26467484
26467508
26467521
26467547
26467554
26467566
26467574
26467601
26467618
26467643
26467663
26467675
26467695
26467723
26467741
26467754
26467765
26467770
26467777
26467790
26467800
26467808
26467817
26467836
26467849
26467857
26467887
26467915
26467930
26467937
26467950
26467966
26467995
26468037
26468057
26468084
26468121
26468148
26468156
26468206
26468228
26468239
26468246
26468253
26468281
26468283
26468353
26468366
26468374
26468411
26468495
26468507
26468525
26468544
26468567
26468574
26468582
26468597
26468608
26468623
26468640
26468689
26468705
26468716
26468740
26468758
26468768
26468796
26468820
26468868
26468880
26468897
26468940
26469040
26469138
26469152
26469194
26469206
26469224
26469245
26469259
26469281
26469352
26469397
26469425
26469439
26469450
26469525
26469544
26469553
26469581
26469610
26469641
26469675
26469756
26469856
26469870
26469887
26469907
26469952
26469968
26469989
26469998
26470018
26470043
26470056
26470080
26470114
26470198
26470229
26470266
26470296
26470355
26470404
26470448
26470527
26470587
26470664
26470684
26470724
26470735
26470761
26470788
26470799
26470816
26470829
26470836
26470897
26470908
26470917
26470934
26470952
26471004
26471027
26471037
26471070
26471087
26471094
26471103
26471123
26471175
26471193
26471205
26471218
26471264
26471268
26471276
26471285
26471291
26471307
26471323
26471327
26471333
26471355
26471366
26471377
26471387
26471418
26471603
26471666
26471681
26471699
26471747
26471784
26471796
26471825
26471829
26471890
26471899
26471906
26471925
26471938
26471950
26471955
26471965
26471976
26472009
26472014
26472075
26472092
26472106
26472116
26472124
26472193
26472246
26472255
26472429
26472456
26472483
26472494
26472515
26472543
26473271
26473272
26473273
26473274
26473275
26473276
26473278
26473279
26473280
26473283
26473284
26473285
26473287
26473295
26473299
26473300
26473301
26473305
26473306
26473310
26473311
26473312
26474432
26474716
26474755
26474774
26474779
26474802
26474913
26474938
26474950
26475024
26475093
26475102
26475391
26475404
26475455
26475530
26475579
26476081
26476088
26476092
26476449
26476450
26476451
26476455
26476457
26476460
26476461
26476462
26476465
26476468
26476469
26476472
26476476
26476480
26476484
26476487
26476488
26476494
26476495
26476497
26476498
26476499
26476502
26476503
26476504
26476505
26477815
26477816
26478715
26481467
26481540
26481729
26482094
26485078
26488736
26489652
26489654
26489657
26489841
26489962
26489971
26489973
26489975
26489990
26489994
26489998
26490003
26490005
26490008
26490014
26490015
26490016
26490018
26490024
26490031
26490046
26490048
26490082
26490097
26490105
26490191
26490193
26490197
26490199
26490231
26490237
26490253
26490263
26490327
26490352
26490372
26490427
26490433
26490438
26490465
26490498
26490515
26490532
26490563
26490582
26490639
26490666
26490685
26490705
26490759
26490780
26490789
26490800
26490809
26490825
26490834
26490871
26490877
26490891
26490919
26490928
26490936
26490958
26490967
26490979
26490986
26491013
26491022
26491023
26491024
26491028
26491029
26491030
26491043
26491044
26491045
26491052
26491061
26491089
26491116
26491210
26491226
26491254
26491262
26491273
26491323
26491334
26491388
26491397
26491420
26491428
26491436
26491443
26491452
26491675
26491694
26491832
26491847
26491874
26491890
26491905
26491916
26491951
26491980
26491989
26491990
26492034
26492040
26492054
26492066
26492071
26492074
26492085
26492093
26492105
26492121
26492211
26492221
26492237
26492241
26492250
26492377
26492409
26492415
26492420
26492421
26492422
26492423
26492424
26492426
26492434
26492441
26492460
26492471
26492480
26492504
26492592
26492602
26492609
26492632
26492661
26492668
26492713
26492792
26492901
26492910
26492926
26492930
26492936
26493196
26493197
26493199
26493200
26493202
26493206
26493209
26493210
26493211
26493212
26493884
26493885
26493886
26493891
26493892
26493894
26493895
26493896
26493899
26493900
26493904
26493906
26493907
26493908
26493910
26493912
26493945
26493950
26493955
26494310
26494311
26494313
26499291
26499293
26499299
26499300
26499301
26499302
26499306
26499307
26499309
26499310
26499318
26499319
26499593
26499630
26499710
26501757
26501760
26501764
26501770
26501771
26501776
26501777
26502381
26502600
26502931
26503038
26503049
26503051
26503073
26503079
26503084
26503085
26503086
26503089
26503360
26503361
26503363
26503364
26503367
26503509
26503585
26503631
26503728
26504036
26504206
26504209
26504210
26504213
26504214
26504220
26504240
26504243
26504244
26504245
26504250
26504252
26504256
26504257
26504259
26504261
26504263
26504265
26504270
26505500
26505766
26505767
26505769
26505770
26505774
26510837
26513969
26513974
26514423
26514424
26514425
26514428
26514429
26514431
26514432
26514436
26514437
26514440
26514441
26514442
26514444
26514445
26514447
26514448
26514465
26514466
26514467
26514494
26514496
26514497
26514498
26514500
26514596
26514598
26514599
26514600
26514602
26514603
26514604
26514605
26514607
26514608
26514611
26514612
26514613
26514615
26514616
26514618
26514619
26520180
26520181
26520182
26520183
26520184
26520185
26520187
26520188
26520189
26520191
26520301
26520302
26520303
26520305
26520306
26520307
26520310
26520311
26522893
26527945
26527946
26527947
26533089
26533125
26533219
26533835
26533836
26533837
26533839
26533841
26533842
26533844
26533846
26533851
26533852
26533856
26536560
26536564
26536566
26536569
26536572
26536575
26536577
26536580
26536583
26536585
26536587
26536900
26538134
26538899
26538926
26538956
26538968
26538971
26538976
26538988
26539017
26539045
26539230
26539265
26539368
26539409
26539422
26539438
26539740
26539742
26539743
26539745
26539747
26539833
26539839
26539841
26539842
26539846
26539847
26540908
26540909
26540910
26540911
26540912
26540913
26540914
26540916
26540917
26540919
26540920
26540921
26540922
26540924
26540926
26540931
26541077
26541078
26541080
26541081
26541082
26541084
26541086
26541093
26541095
26541096
26541097
26541098
26541099
26541102
26541103
26541227
26541228
26541231
26541236
26541237
26541238
26541239
26541240
26541242
26542134
26543613
26544490
26544491
26544492
26544493
26544499
26544503
26544507
26544508
26544509
26544510
26544511
26544512
26544513
26544515
26544516
26544517
26544522
26544523
26544525
26545154
26546166
26548314
26548906
26548921
26548929
26548933
26549898
26549905
26549926
26549963
26550482
26550802
26550876
26551204
26551395
26551426
26551653
26551906
26551924
26551987
26552014
26552022
26552410
26552639
26552742
26552824
26554670
26554671
26554672
26554673
26554870
26554912
26554923
26555933
26555934
26555935
26555942
26555944
26555954
26555956
26555962
26555963
26555964
26555976
26555978
26556178
26556179
26556180
26556182
26556183
26556184
26556185
26556187
26556189
26557781
26563787
26565937
26566048
26566121
26566150
26566768
26566891
26567375
26569473
26569902
26569928
26569960
26570009
26570135
26570151
26570555
26570629
26570641
26570643
26570651
26570697
26570702
26570904
26570905
26573838
26574076
26574312
26574431
26576844
26576846
26576849
26576850
26576857
26576858
26576859
26576862
26576863
26576865
26576867
26576870
26576871
26576874
26576875
26576876
26576879
26577176
26577285
26577670
26578013
26578041
26578058
26578117
26578135
26578189
26578201
26578223
26578240
26578268
26578274
26578335
26578377
26578387
26578408
26578425
26578443
26582985
26582986
26582994
26582999
26583004
26583005
26583006
26583009
26583016
26583035
26583041
26583045
26583051
26583055
26583056
26583057
26583077
26583096
26583114
26583132
26583310
26583311
26583320
26583333
26583339
26583346
26583347
26583358
26584824
26589638
26593450
26593451
26593455
26593458
26593459
26593460
26593972
26593973
26593976
26593977
26593978
26593979
26593981
26593982
26593983
26593991
26593992
26593999
26594001
26594005
26594006
26594007
26594009
26594010
26594011
26594012
26594013
26594014
26594016
26594018
26600751
26601068
26603830
26631841
26632211
26636536
26640329
26649912
26666525
26666821
26704277
26727541
26727652
26727663
26727777
26728176
26728338
26728787
26729046
26729146
26746665
26748349
26750873
26750874
26750876
26750877
26750879
26750885
26750896
26784462
26784469
26784499
26784802
26785324
26810945
26817111
26817161
26817259
26817270
26817342
26817375
26818061
26818062
26818063
26818065
26819840
26828107
26828607
26828652
26828772
26829055
26829436
26830556
26831760
26876048
26897176
26897177
26897178
26897179
26897181
26897188
26897190
26897207
26897340
26897341
26897343
26897346
26897355
26897356
26897357
26897364
26897372
26897381
26897384
26897388
26897389
26897390
26897392
26897393
26897394
26897395
26897398
26897399
26897471
26897476
26897477
26897480
26897481
26897483
26897484
26897485
26897488
26897491
26897498
26897503
26897507
26897511
26897870
26897871
26897911
26897913
26897915
26897921
26897925
26897926
26897929
26897930
26897931
26898021
26898027
26898028
26898030
26898034
26898036
26898127
26898129
26898139
26898141
26898143
26898147
26898152
26898156
26898157
26898159
26898164
26898167
26898169
26898171
26898176
26898178
26898182
26898360
26953508
26982954
26983358
26994965
26994966
27037394
27037416
27037433
27043041
27043044
27055899
27056590
27056596
27056600
27056604
27056605
27056611
27056623
27056625
27056635
27056642
27101328
27123203
27123437
27148922
27151233
27151899
27186984
27187000
27187027
27187050
27187067
27187082
27187105
27187136
27187630
27187818
27188005
27216858
27216865
27216867
27216873
27216877
27216878
27216881
27216882
27284346
27284623
27285395
27285799
27285906
27340849
27341305
27341748
27350424
27350631
27350894
27352186
27352510
27352857
27354783
27355857
27356595
27396666
27396801
27397160
27398062
27398430
27502642
27614576
27844927
27844938
27844949
27844970
27844985
27845003
27845028
27845055
27845073
27845095
27845101
27845117
27858327
27858341
27873617
27873793
27873868
27873950
27874199
27874598
27874656
27874721
27874737
28009172
28235760
28235791
28235840
28235849
28235869
28235876
28594588
28594589
28594766
28594826
28595115
28595116
28595123
28595587
28595592
28595671
28595730
28707990
28777156
28782995
29105996
29649877
29649881
29649885
29649988
29650009
29650027
29650061
29650067
29650076
29650083
29650112
29650123
29650146
29650156
29650166
29650198
29650205
29650212
29650223
29650411
29650470
29650491
29650495
29650506
29650516
29650518
29872218
29872282
29872417
29872438
29872483
29872498
29872512
29872531
29872550
29872566
29872583
29872639
29872651
29872678
29872690
29872706
29872733
29872747
30177333
30224071
30563541
30563970
30565358
30580788
30581181
30581184
31764927
31764933
31764934
31764935
33022188
33161489
33162455
33173234
33173235
33176301
33176303
33176306
33176309
33190925
33190926
33190927
33298598
33298600
33298602
33298605
33298615
33298618
33298620
33298622
33298623
33298625
34960251
34960526
35084139
36495214
36495215
36495217
36495219
36495220
36495221
36495223
36625835
36625837
36639278
36639280
36639284
36653504
36653506
36708933
37504901
37890351
39266229
39266750
39267025
40329558
41138687
41138708
41138713
41138720
41138726
41138728
41138734
41138738
41138761
43187449
45924328
45924330
45924332
45924520
46647381
46647386
46647387
46647389
46647393
46647394
47328028
47328056
47328088
48757657
49971796
52749187
52749192
52749195
52982511
55491647
55491649
55491653
56467428
56467433
56467446
56467579
56490653
56490663
56491105
56491125
56491144
56491208
56491253
56491269
56491273
56491873
56491880
56491899
56491913
56492019
56492038
56492051
56492064
56492345
56492369
56492378
56492383
56492386
56492388
56492400
56492712
56493136
56493142
56493147
56493153
56493157
56493160
56493192
56493236
56493353
56498187
56498190
56498229
56506173
56506213
56506221
56506226
56506239
56506293
56506428
56506583
56506776
56513915
56513955
56513985
56513997
56523472
56523504
56523626
56523659
56523758
56523768
56523775
56523829
56523844
56523854
56535737
56535786
56535804
56535953
56536017
56538656
56555577
56555631
56555652
56555667
56556002
56556049
56753275
57166256
57239635
57239653
57239735
57239740
57239762
57239774
59072327
59072331
59072342
59072349
59072354
59072360
59072365
59072372
59072388
59072407
59072426
59072481
60754136
pollution_2
pollution_3
pollution_11
pollution_14
pollution_24
pollution_28
pollution_29
pollution_34
pollution_41
pollution_44
pollution_49
pollution_51
pollution_52
pollution_181