25441112
25441113
25441114
25441115
25441162
25505067
26377579
26436388
26438015
26438108
26451507
26451508
26451509
26451513
26451514
26451515
26451517
26451518
26451519
26451520
26451871
26451872
26451873
26451878
26451879
26451880
26451883
26451884
26454139
26454140
26454141
26454143
26454429
26454805
26455230
26455618
26456036
26456037
26456038
26456353
26457307
26457316
26457317
26457495
26457573
26457857
26457865
26457878
26457880
26457885
26457891
26457896
26457903
26457912
26457934
26457946
26457949
26457953
26457956
26457961
26457966
26457969
26457971
26457974
26457980
26457988
26457998
26458000
26458005
26458011
26458017
26458019
26458022
26458027
26458029
26458033
26458038
26458049
26458053
26458059
26458073
26458091
26458105
26458109
26458112
26458117
26458122
26458124
26458126
26458127
26458129
26458133
26458136
26458613
26458736
26458957
26459045
26459046
26459050
26459056
26459061
26459096
26459097
26459099
26459102
26459103
26459106
26459109
26459111
26459112
26459114
26459116
26459117
26459125
26459129
26459138
26459139
26459141
26459144
26459148
26459159
26459168
26459172
26459174
26459175
26459603
26459616
26459632
26459641
26459656
26459658
26459667
26459677
26459690
26459694
26459725
26459748
26459756
26459771
26459794
26459811
26459823
26459826
26459837
26459857
26459889
26459902
26459915
26459928
26459938
26459940
26459952
26459968
26459976
26459977
26459978
26459981
26459987
26459996
26460002
26460008
26460010
26460015
26460023
26460031
26460039
26460049
26460060
26460096
26460097
26460106
26460109
26460121
26460129
26460139
26460146
26460153
26460154
26460155
26460165
26460175
26460179
26460197
26460726
26460730
26460731
26460732
26460734
26460735
26460817
26460902
26460922
26461035
26461426
26461559
26461608
26461614
26461616
26461617
26461691
26461694
26461696
26461697
26461704
26461716
26461718
26461724
26461727
26461729
26461734
26461735
26461740
26461746
26461749
26461751
26461754
26461762
26461763
26461765
26461766
26461767
26461773
26461774
26461776
26461779
26461786
26461790
26461792
26461796
26461804
26461807
26461810
26461811
26461814
26461819
26461821
26461825
26461827
26461829
26461830
26461832
26461833
26461843
26461846
26461848
26461850
26461854
26461855
26461860
26466171
26466179
26466189
26466198
26466212
26466222
26466237
26466244
26466250
26466265
26466279
26466338
26466350
26466360
26466400
26466415
26466433
26466443
26466452
26466463
26466478
26466492
26466503
26466506
26466519
26466526
26466533
26466542
26466551
26466569
26466578
26466586
26466600
26466610
26466623
26466632
26466648
26466663
26466674
26466698
26466757
26466777
26466786
26466787
26466788
26466789
26466790
26466791
26466792
26466793
26466794
26466795
26466796
26466797
26466798
26466799
26466800
26466802
26466803
26466804
26466805
26466816
26466825
26466843
26466857
26466861
26466868
26466874
26466878
26466902
26466945
26466961
26466971
26466986
26466995
26467011
26467019
26467023
26467037
26467080
26467105
26467136
26467314
26467330
26467339
26467347
26467357
26467362
26467370
26467393
26467402
26467417
26467426
26467448
26467459
26467474
26467484
26467496
26467508
26467519
26467521
26467547
26467554
26467566
26467574
26467601
26467618
26467643
26467663
26467675
26467695
26467723
26467741
26467754
26467765
26467770
26467777
26467790
26467795
26467800
26467808
26467817
26467836
26467849
26467857
26467877
26467887
26467900
26467910
26467915
26467930
26467937
26467950
26467966
26467979
26467995
26468006
26468028
26468037
26468057
26468084
26468098
26468115
26468121
26468131
26468144
26468148
26468156
26468191
26468206
26468228
26468234
26468239
26468246
26468253
26468281
26468283
26468333
26468353
26468366
26468374
26468394
26468411
26468426
26468446
26468475
26468495
26468507
26468525
26468544
26468567
26468574
26468582
26468597
26468608
26468623
26468640
26468663
26468689
26468705
26468716
26468740
26468758
26468768
26468796
26468820
26468843
26468868
26468880
26468897
26468940
26468963
26468976
26469017
26469040
26469105
26469138
26469152
26469194
26469206
26469224
26469237
26469245
26469259
26469281
26469306
26469352
26469397
26469425
26469439
26469450
26469525
26469544
26469553
26469581
26469610
26469632
26469641
26469675
26469756
26469856
26469870
26469887
26469907
26469929
26469952
26469968
26469977
26469989
26469998
26470018
26470043
26470056
26470080
26470105
26470114
26470146
26470169
26470188
26470198
26470210
26470229
26470247
26470261
26470266
26470280
26470296
26470308
26470355
26470371
26470404
26470421
26470448
26470527
26470547
26470571
26470578
26470587
26470619
26470655
26470664
26470678
26470684
26470696
26470705
26470724
26470735
26470761
26470775
26470788
26470799
26470816
26470829
26470836
26470857
26470897
26470908
26470917
26470934
26470952
26470973
26470984
26471004
26471027
26471037
26471070
26471087
26471094
26471103
26471123
26471175
26471193
26471205
26471218
26471241
26471248
26471264
26471268
26471276
26471285
26471291
26471295
26471307
26471323
26471327
26471333
26471340
26471347
26471355
26471366
26471377
26471387
26471397
26471418
26471440
26471474
26471497
26471529
26471569
26471603
26471645
26471666
26471681
26471699
26471722
26471747
26471770
26471784
26471796
26471825
26471829
26471837
26471890
26471899
26471906
26471925
26471938
26471950
26471955
26471965
26471976
26472009
26472014
26472052
26472061
26472075
26472092
26472106
26472116
26472124
26472136
26472145
26472193
26472232
26472246
26472255
26472295
26472303
26472429
26472456
26472481
26472483
26472494
26472515
26472528
26472543
26472565
26473271
26473272
26473273
26473274
26473275
26473276
26473278
26473279
26473280
26473283
26473284
26473285
26473287
26473288
26473289
26473293
26473294
26473295
26473296
26473299
26473300
26473301
26473304
26473305
26473306
26473310
26473311
26473312
26474432
26474702
26474709
26474716
26474727
26474739
26474745
26474755
26474769
26474774
26474779
26474795
26474802
26474812
26474829
26474853
26474913
26474930
26474938
26474950
26474970
26474994
26475012
26475024
26475049
26475079
26475093
26475102
26475148
26475160
26475173
26475281
26475282
26475283
26475284
26475285
26475286
26475287
26475289
26475290
26475291
26475391
26475404
26475411
26475423
26475436
26475444
26475455
26475477
26475500
26475530
26475564
26475579
26475593
26475607
26475614
26475623
26475632
26475639
26475653
26476063
26476069
26476081
26476088
26476092
26476449
26476450
26476451
26476453
26476454
26476455
26476457
26476458
26476459
26476460
26476461
26476462
26476463
26476464
26476465
26476467
26476468
26476469
26476472
26476473
26476474
26476475
26476476
26476477
26476480
26476481
26476482
26476484
26476485
26476486
26476487
26476488
26476489
26476490
26476491
26476492
26476494
26476495
26476496
26476497
26476498
26476499
26476501
26476502
26476503
26476504
26476505
26477815
26477816
26478715
26479710
26480951
26481406
26481448
26481467
26481540
26481676
26481729
26482094
26485078
26486993
26488703
26488736
26488776
26488992
26489117
26489303
26489334
26489412
26489428
26489451
26489512
26489652
26489653
26489654
26489656
26489657
26489658
26489841
26489962
26489967
26489971
26489973
26489975
26489978
26489980
26489985
26489990
26489994
26489996
26489998
26490003
26490005
26490006
26490008
26490011
26490012
26490014
26490015
26490016
26490018
26490019
26490023
26490024
26490031
26490046
26490048
26490065
26490082
26490097
26490105
26490141
26490156
26490164
26490172
26490179
26490187
26490191
26490193
26490196
26490197
26490198
26490199
26490202
26490205
26490207
26490215
26490218
26490231
26490237
26490253
26490263
26490293
26490298
26490302
26490312
26490324
26490325
26490327
26490329
26490331
26490339
26490340
26490347
26490352
26490372
26490427
26490433
26490438
26490465
26490498
26490515
26490532
26490563
26490582
26490611
26490639
26490666
26490685
26490705
26490714
26490729
26490745
26490759
26490780
26490789
26490800
26490809
26490825
26490834
26490871
26490877
26490891
26490906
26490919
26490928
26490936
26490950
26490958
26490967
26490979
26490986
26490996
26491013
26491022
26491023
26491024
26491028
26491029
26491030
26491033
26491034
26491038
26491043
26491044
26491045
26491048
26491049
26491052
26491053
26491061
26491075
26491089
26491116
26491128
26491143
26491210
26491226
26491254
26491262
26491273
26491309
26491323
26491334
26491342
26491353
26491360
26491373
26491381
26491388
26491397
26491405
26491413
26491420
26491428
26491436
26491443
26491452
26491588
26491650
26491675
26491687
26491694
26491721
26491727
26491736
26491744
26491750
26491759
26491770
26491777
26491787
26491799
26491832
26491847
26491864
26491874
26491890
26491899
26491905
26491916
26491941
26491951
26491969
26491980
26491989
26491990
26492011
26492022
26492034
26492040
26492047
26492054
26492066
26492071
26492074
26492085
26492093
26492105
26492115
26492121
26492152
26492171
26492174
26492181
26492194
26492201
26492211
26492221
26492237
26492241
26492246
26492250
26492256
26492258
26492264
26492274
26492287
26492295
26492307
26492323
26492331
26492340
26492345
26492361
26492377
26492394
26492395
26492397
26492398
26492399
26492400
26492402
26492403
26492404
26492405
26492406
26492407
26492409
26492410
26492411
26492412
26492413
26492414
26492415
26492417
26492418
26492420
26492421
26492422
26492423
26492424
26492426
26492427
26492428
26492429
26492430
26492431
26492433
26492434
26492435
26492441
26492460
26492471
26492480
26492489
26492497
26492504
26492512
26492520
26492530
26492541
26492552
26492567
26492592
26492602
26492609
26492616
26492622
26492632
26492661
26492668
26492679
26492698
26492713
26492722
26492732
26492746
26492756
26492762
26492775
26492782
26492783
26492786
26492792
26492800
26492803
26492815
26492838
26492846
26492852
26492869
26492898
26492901
26492910
26492920
26492926
26492930
26492936
26493195
26493196
26493197
26493198
26493199
26493200
26493202
26493203
26493205
26493206
26493207
26493208
26493209
26493210
26493211
26493212
26493884
26493885
26493886
26493887
26493888
26493889
26493891
26493892
26493893
26493894
26493895
26493896
26493899
26493900
26493901
26493903
26493904
26493905
26493906
26493907
26493908
26493910
26493911
26493912
26493913
26493914
26493945
26493950
26493955
26493958
26494309
26494310
26494311
26494313
26499289
26499290
26499291
26499292
26499293
26499294
26499298
26499299
26499300
26499301
26499302
26499303
26499306
26499307
26499308
26499309
26499310
26499311
26499317
26499318
26499319
26499320
26499321
26499322
26499325
26499326
26499593
26499630
26499668
26499710
26501755
26501756
26501757
26501759
26501760
26501761
26501762
26501763
26501764
26501769
26501770
26501771
26501776
26501777
26502381
26502471
26502588
26502589
26502599
26502600
26502931
26502935
26502957
26503022
26503038
26503040
26503041
26503042
26503043
26503046
26503047
26503049
26503051
26503053
26503054
26503055
26503072
26503073
26503074
26503079
26503080
26503081
26503084
26503085
26503086
26503089
26503104
26503131
26503160
26503203
26503231
26503247
26503310
26503360
26503361
26503362
26503363
26503364
26503367
26503369
26503380
26503403
26503416
26503435
26503458
26503509
26503527
26503538
26503585
26503601
26503631
26503662
26503677
26503709
26503723
26503727
26503728
26503729
26503731
26503743
26503784
26503852
26503871
26503890
26503939
26503957
26503981
26504010
26504036
26504205
26504206
26504208
26504209
26504210
26504211
26504212
26504213
26504214
26504218
26504219
26504220
26504224
26504225
26504226
26504231
26504232
26504233
26504235
26504236
26504237
26504239
26504240
26504241
26504242
26504243
26504244
26504245
26504246
26504247
26504248
26504249
26504250
26504251
26504252
26504253
26504255
26504256
26504257
26504259
26504260
26504261
26504263
26504264
26504265
26504270
26504271
26504623
26504624
26504626
26505384
26505495
26505500
26505547
26505765
26505766
26505767
26505769
26505770
26505771
26505773
26505774
26505775
26505776
26505777
26505778
26505779
26510837
26510930
26511044
26511089
26511713
26513965
26513966
26513967
26513969
26513974
26514423
26514424
26514425
26514427
26514428
26514429
26514431
26514432
26514433
26514435
26514436
26514437
26514440
26514441
26514442
26514443
26514444
26514445
26514447
26514448
26514449
26514450
26514451
26514452
26514453
26514454
26514455
26514456
26514457
26514458
26514459
26514460
26514461
26514465
26514466
26514467
26514473
26514475
26514486
26514487
26514488
26514494
26514495
26514496
26514497
26514498
26514499
26514500
26514596
26514597
26514598
26514599
26514600
26514601
26514602
26514603
26514604
26514605
26514607
26514608
26514609
26514611
26514612
26514613
26514614
26514615
26514616
26514617
26514618
26514619
26520180
26520181
26520182
26520183
26520184
26520185
26520187
26520188
26520189
26520191
26520227
26520228
26520229
26520230
26520231
26520301
26520302
26520303
26520305
26520306
26520307
26520309
26520310
26520311
26522893
26527944
26527945
26527946
26527947
26531590
26533089
26533125
26533166
26533219
26533272
26533293
26533324
26533356
26533835
26533836
26533837
26533839
26533840
26533841
26533842
26533843
26533844
26533846
26533847
26533848
26533850
26533851
26533852
26533856
26535929
26536559
26536560
26536561
26536564
26536565
26536566
26536567
26536568
26536569
26536571
26536572
26536573
26536575
26536576
26536577
26536580
26536582
26536583
26536584
26536585
26536586
26536587
26536888
26536889
26536900
26536902
26536911
26536912
26537606
26537810
26537890
26538074
26538116
26538134
26538149
26538162
26538183
26538212
26538299
26538630
26538674
26538750
26538754
26538899
26538903
26538926
26538931
26538936
26538956
26538968
26538971
26538976
26538988
26538997
26539017
26539033
26539045
26539068
26539084
26539148
26539164
26539174
26539211
26539230
26539249
26539255
26539264
26539265
26539284
26539307
26539336
26539354
26539368
26539383
26539391
26539400
26539409
26539422
26539438
26539738
26539739
26539740
26539741
26539742
26539743
26539745
26539746
26539747
26539748
26539750
26539833
26539836
26539839
26539841
26539842
26539844
26539846
26539847
26539849
26539874
26539879
26539881
26540906
26540907
26540908
26540909
26540910
26540911
26540912
26540913
26540914
26540916
26540917
26540918
26540919
26540920
26540921
26540922
26540923
26540924
26540926
26540927
26540928
26540931
26541077
26541078
26541079
26541080
26541081
26541082
26541084
26541085
26541086
26541093
26541095
26541096
26541097
26541098
26541099
26541102
26541103
26541104
26541105
26541106
26541227
26541228
26541229
26541231
26541232
26541233
26541235
26541236
26541237
26541238
26541239
26541240
26541242
26541243
26542134
26543613
26544490
26544491
26544492
26544493
26544494
26544495
26544496
26544497
26544498
26544499
26544500
26544501
26544502
26544503
26544504
26544507
26544508
26544509
26544510
26544511
26544512
26544513
26544514
26544515
26544516
26544517
26544518
26544521
26544522
26544523
26544524
26544525
26544526
26545154
26546026
26546060
26546081
26546086
26546096
26546118
26546145
26546166
26546718
26547639
26547643
26547676
26547770
26547860
26548293
26548314
26548906
26548921
26548929
26548933
26549898
26549905
26549926
26549963
26550010
26550293
26550442
26550482
26550554
26550718
26550762
26550802
26550852
26550876
26550995
26551119
26551204
26551256
26551296
26551313
26551369
26551395
26551426
26551554
26551572
26551584
26551630
26551653
26551693
26551754
26551789
26551867
26551897
26551906
26551924
26551987
26552014
26552022
26552208
26552341
26552353
26552367
26552410
26552441
26552492
26552505
26552634
26552639
26552651
26552681
26552742
26552815
26552819
26552824
26552910
26554670
26554671
26554672
26554673
26554674
26554675
26554857
26554870
26554879
26554892
26554912
26554923
26554931
26554947
26554954
26554975
26554981
26554995
26555007
26555035
26555063
26555095
26555149
26555180
26555216
26555933
26555934
26555935
26555942
26555943
26555944
26555954
26555955
26555956
26555962
26555963
26555964
26555967
26555969
26555974
26555976
26555977
26555978
26555980
26555981
26556178
26556179
26556180
26556182
26556183
26556184
26556185
26556186
26556187
26556189
26556190
26556191
26557781
26563787
26564766
26565577
26565937
26566048
26566121
26566150
26566768
26566819
26566828
26566832
26566834
26566891
26567375
26569457
26569473
26569485
26569789
26569815
26569824
26569855
26569862
26569864
26569886
26569902
26569928
26569960
26569965
26569966
26569971
26569978
26569983
26570009
26570017
26570022
26570040
26570135
26570151
26570168
26570553
26570555
26570567
26570579
26570584
26570593
26570603
26570605
26570609
26570615
26570621
26570627
26570629
26570641
26570643
26570646
26570651
26570656
26570661
26570667
26570674
26570676
26570678
26570687
26570691
26570692
26570697
26570702
26570894
26570904
26570905
26573648
26573838
26574076
26574211
26574312
26574431
26574483
26574502
26574712
26576844
26576845
26576846
26576849
26576850
26576851
26576857
26576858
26576859
26576862
26576863
26576864
26576865
26576866
26576867
26576869
26576870
26576871
26576874
26576875
26576876
26576878
26576879
26577146
26577156
26577176
26577197
26577261
26577285
26577307
26577652
26577662
26577670
26578013
26578041
26578058
26578102
26578117
26578135
26578159
26578189
26578201
26578223
26578234
26578240
26578268
26578274
26578299
26578335
26578377
26578387
26578408
26578425
26578443
26578646
26582984
26582985
26582986
26582989
26582990
26582991
26582993
26582994
26582995
26582999
26583000
26583001
26583003
26583004
26583005
26583006
26583007
26583008
26583009
26583010
26583011
26583015
26583016
26583017
26583020
26583021
26583022
26583025
26583026
26583027
26583029
26583030
26583031
26583034
26583035
26583036
26583039
26583040
26583041
26583044
26583045
26583046
26583049
26583050
26583051
26583055
26583057
26583063
26583077
26583096
26583114
26583132
26583306
26583307
26583308
26583310
26583311
26583312
26583313
26583314
26583315
26583320
26583321
26583322
26583326
26583327
26583328
26583333
26583334
26583338
26583339
26583340
26583344
26583346
26583347
26583348
26583349
26583355
26583356
26583358
26583359
26583360
26583361
26583362
26584824
26589336
26589638
26592959
26593205
26593450
26593451
26593452
26593455
26593458
26593459
26593460
26593972
26593973
26593974
26593976
26593977
26593978
26593979
26593980
26593981
26593982
26593983
26593991
26593992
26593993
26593999
26594001
26594005
26594006
26594007
26594009
26594010
26594011
26594012
26594013
26594014
26594016
26594017
26594018
26594019
26594020
26598400
26600751
26601068
26602348
26603427
26603460
26603466
26603477
26603786
26603821
26603830
26603861
26631841
26632211
26632414
26632566
26635512
26636534
26636536
26639589
26639920
26640009
26640329
26642525
26649912
26665994
26666525
26666821
26677654
26679516
26679772
26693322
26693326
26693327
26704277
26727526
26727528
26727531
26727535
26727539
26727541
26727543
26727544
26727546
26727548
26727555
26727564
26727576
26727580
26727587
26727592
26727595
26727599
26727601
26727606
26727609
26727614
26727616
26727622
26727624
26727628
26727631
26727633
26727635
26727638
26727648
26727650
26727652
26727653
26727658
26727663
26727664
26727777
26728176
26728338
26728787
26729046
26729146
26746665
26748349
26750873
26750874
26750876
26750877
26750878
26750879
26750880
26750881
26750882
26750885
26750887
26750892
26750895
26750896
26750898
26784382
26784459
26784462
26784463
26784469
26784482
26784488
26784494
26784495
26784497
26784499
26784802
26784931
26785171
26785324
26810945
26813204
26817082
26817111
26817136
26817149
26817161
26817173
26817259
26817270
26817342
26817375
26817784
26817819
26817881
26817907
26817912
26818055
26818056
26818057
26818060
26818061
26818062
26818063
26818065
26818066
26818069
26818070
26818075
26819633
26819840
26828107
26828607
26828652
26828653
26828656
26828659
26828660
26828772
26829055
26829060
26829065
26829133
26829139
26829271
26829288
26829299
26829415
26829433
26829436
26830556
26831760
26831813
26831818
26831830
26831832
26831852
26854810
26874326
26874343
26874366
26874407
26874420
26876048
26876374
26897176
26897177
26897178
26897179
26897180
26897181
26897183
26897184
26897185
26897186
26897188
26897189
26897190
26897191
26897192
26897207
26897340
26897341
26897343
26897346
26897354
26897355
26897356
26897357
26897364
26897370
26897371
26897372
26897381
26897382
26897383
26897384
26897387
26897388
26897389
26897390
26897391
26897392
26897393
26897394
26897395
26897398
26897399
26897470
26897471
26897476
26897477
26897479
26897480
26897481
26897483
26897484
26897485
26897487
26897488
26897491
26897498
26897502
26897503
26897506
26897507
26897511
26897870
26897871
26897872
26897911
26897913
26897914
26897915
26897918
26897921
26897923
26897924
26897925
26897926
26897928
26897929
26897930
26897931
26897932
26898021
26898024
26898026
26898027
26898028
26898030
26898034
26898036
26898127
26898128
26898129
26898139
26898140
26898141
26898143
26898144
26898145
26898146
26898147
26898148
26898149
26898150
26898151
26898152
26898153
26898154
26898156
26898157
26898158
26898159
26898161
26898162
26898164
26898165
26898166
26898167
26898168
26898169
26898171
26898174
26898176
26898177
26898178
26898182
26898359
26898360
26953508
26953566
26981903
26982378
26982954
26983211
26983358
26994965
26994966
27027184
27027200
27027282
27037394
27037416
27037433
27043041
27043044
27055899
27055991
27056590
27056591
27056596
27056597
27056598
27056599
27056600
27056601
27056602
27056603
27056604
27056605
27056606
27056611
27056612
27056613
27056614
27056615
27056616
27056623
27056624
27056625
27056626
27056631
27056632
27056633
27056634
27056635
27056636
27056637
27056638
27056639
27056641
27056642
27056643
27056644
27056650
27056651
27101328
27122566
27122943
27123203
27123437
27148922
27151233
27151899
27186017
27186043
27186562
27186639
27186714
27186984
27187000
27187015
27187027
27187050
27187067
27187082
27187105
27187136
27187630
27187818
27188005
27215182
27216855
27216857
27216858
27216862
27216863
27216865
27216866
27216867
27216869
27216870
27216871
27216872
27216873
27216875
27216877
27216878
27216879
27216880
27216881
27216882
27216883
27266480
27266492
27266504
27284346
27284623
27285395
27285799
27285906
27340849
27341305
27341748
27350424
27350631
27350894
27351536
27351809
27352186
27352510
27352857
27354783
27355233
27355857
27356595
27396666
27396801
27397160
27398062
27398430
27399583
27399768
27502642
27612032
27614576
27727081
27766746
27766747
27766748
27844927
27844938
27844949
27844970
27844985
27845003
27845028
27845055
27845073
27845095
27845101
27845117
27858327
27858341
27873617
27873793
27873868
27873950
27874199
27874399
27874598
27874656
27874721
27874737
27896448
27896477
27896522
28009171
28009172
28154278
28154727
28235745
28235760
28235791
28235822
28235833
28235840
28235849
28235869
28235876
28476066
28476067
28593470
28593494
28593827
28594455
28594588
28594589
28594766
28594826
28595114
28595115
28595116
28595123
28595456
28595457
28595587
28595592
28595671
28595729
28595730
28646132
28646135
28707990
28777156
28782995
28833646
28862138
29105996
29118389
29649877
29649881
29649885
29649888
29649891
29649901
29649912
29649916
29649929
29649942
29649958
29649988
29650009
29650027
29650036
29650045
29650057
29650061
29650067
29650076
29650083
29650092
29650112
29650123
29650131
29650146
29650156
29650166
29650183
29650198
29650205
29650212
29650223
29650238
29650242
29650246
29650257
29650260
29650264
29650268
29650277
29650280
29650288
29650292
29650335
29650345
29650353
29650357
29650364
29650369
29650377
29650386
29650394
29650411
29650428
29650437
29650447
29650457
29650470
29650478
29650489
29650491
29650495
29650499
29650506
29650516
29650518
29872218
29872282
29872393
29872417
29872438
29872465
29872483
29872498
29872512
29872531
29872550
29872566
29872583
29872639
29872651
29872678
29872690
29872706
29872733
29872747
29926516
30177333
30224071
30563302
30563303
30563430
30563431
30563541
30563543
30563665
30563666
30563769
30563969
30563970
30564130
30565358
30580788
30580789
30580793
30581004
30581181
30581183
30581184
31764921
31764927
31764928
31764932
31764933
31764934
31764935
31764937
31764938
31764940
31764942
31764946
31764947
31764948
31968067
32271917
33022188
33155111
33155112
33155113
33155115
33155116
33155879
33155880
33155881
33155882
33155883
33155886
33158090
33158091
33158093
33158097
33158098
33158100
33158105
33158109
33161488
33161489
33161492
33161494
33162452
33162453
33162454
33162455
33162456
33162458
33162459
33162460
33173230
33173231
33173232
33173233
33173234
33173235
33173236
33173237
33176301
33176303
33176304
33176306
33176309
33190925
33190926
33190927
33190928
33298595
33298598
33298600
33298602
33298605
33298610
33298614
33298615
33298618
33298620
33298622
33298623
33298625
34067122
34960251
34960333
34960445
34960526
35084139
35145531
36495214
36495215
36495217
36495219
36495220
36495221
36495222
36495223
36495224
36625835
36625836
36625837
36625839
36625841
36625842
36625844
36639278
36639279
36639280
36639284
36639286
36639287
36639289
36639292
36653501
36653502
36653503
36653504
36653505
36653506
36653507
36653509
36708923
36708925
36708927
36708930
36708932
36708933
36708935
36708937
36708940
36723640
36723641
37094016
37504901
37890351
39265809
39265826
39265846
39265867
39265890
39265929
39266229
39266244
39266276
39266683
39266714
39266750
39266793
39266817
39266835
39266858
39266872
39266917
39266954
39266987
39267025
39267060
39267101
40329558
41138659
41138678
41138687
41138705
41138708
41138713
41138720
41138726
41138728
41138734
41138738
41138740
41138757
41138758
41138761
42347454
43187449
45924328
45924329
45924330
45924331
45924332
45924333
45924335
45924520
46647381
46647382
46647383
46647384
46647385
46647386
46647387
46647388
46647389
46647391
46647392
46647393
46647394
47328028
47328036
47328039
47328049
47328056
47328063
47328083
47328088
48621442
48707337
48707500
48708254
48757656
48757657
48881867
48881868
48881869
49971796
50675586
50675593
52738483
52738631
52749187
52749188
52749190
52749191
52749192
52749195
52749196
52749198
52982499
52982500
52982502
52982504
52982505
52982506
52982509
52982510
52982511
52982513
52982515
53245148
55491647
55491648
55491649
55491653
55491657
55491658
55491659
55491668
55491670
55491671
55491674
55491676
55491678
55491679
55491680
55491682
56272430
56467409
56467428
56467433
56467439
56467446
56467457
56467468
56467473
56467493
56467511
56467514
56467517
56467533
56467539
56467542
56467549
56467559
56467562
56467566
56467579
56467587
56467592
56467796
56490550
56490597
56490620
56490641
56490649
56490653
56490663
56490855
56491105
56491125
56491144
56491161
56491208
56491253
56491269
56491273
56491873
56491880
56491899
56491913
56492019
56492025
56492038
56492051
56492064
56492184
56492345
56492364
56492369
56492378
56492383
56492386
56492388
56492400
56492712
56493136
56493139
56493142
56493147
56493150
56493151
56493153
56493157
56493160
56493192
56493198
56493204
56493228
56493230
56493236
56493243
56493353
56498187
56498190
56498214
56498229
56498237
56498243
56506173
56506182
56506213
56506221
56506226
56506239
56506293
56506428
56506583
56506714
56506776
56513915
56513955
56513985
56513997
56523472
56523504
56523626
56523659
56523758
56523768
56523775
56523809
56523816
56523829
56523844
56523854
56535702
56535737
56535756
56535786
56535804
56535953
56536017
56538656
56538671
56538872
56555577
56555616
56555622
56555631
56555652
56555667
56556002
56556049
56726200
56753275
57166256
57166257
57166259
57239635
57239645
57239648
57239653
57239685
57239706
57239735
57239740
57239747
57239762
57239769
57239774
59072322
59072327
59072331
59072336
59072342
59072349
59072354
59072360
59072365
59072372
59072378
59072387
59072388
59072394
59072399
59072402
59072407
59072412
59072418
59072423
59072426
59072432
59072438
59072445
59072456
59072462
59072469
59072474
59072481
59072485
59454132
60252545
60754131
60754132
60754133
60754135
60754136
60754137
60754138
60754140
60754141
60754142
60754143
60754144
pollution_1
pollution_2
pollution_3
pollution_4
pollution_5
pollution_7
pollution_8
pollution_9
pollution_10
pollution_11
pollution_12
pollution_13
pollution_14
pollution_15
pollution_16
pollution_17
pollution_18
pollution_19
pollution_20
pollution_21
pollution_22
pollution_23
pollution_24
pollution_25
pollution_26
pollution_28
pollution_29
pollution_34
pollution_39
pollution_40
pollution_41
pollution_43
pollution_44
pollution_49
pollution_51
pollution_52
pollution_67
pollution_96
pollution_121
pollution_122
pollution_128
pollution_155
pollution_181
pollution_252