26457940
26457944
26458047
26458069
26459068
26459088
26459092
26459107
26459161
26459163
26459165
26459842
26459871
26459881
26459980
26460984
26461836
26461858
26467047
26467062
26467172
26467203
26467221
26467240
26467256
26467281
26469371
26469387
26469836
26470323
26470338
26470601
26471052
26473291
26473297
26474956
26475066
26475088
26475119
26475133
26489015
26489954
26489958
26489959
26490150
26490317
26490332
26490334
26490335
26490341
26490346
26490482
26491040
26491047
26491104
26491464
26491481
26491491
26491502
26491515
26491525
26491535
26491556
26491567
26491575
26491604
26491620
26491632
26491641
26491812
26491880
26492058
26492138
26492145
26492163
26492351
26492355
26492366
26492374
26492387
26492740
26493204
26493897
26493898
26493902
26502590
26503368
26503816
26514474
26514493
26536578
26536579
26536887
26536901
26539744
26541087
26541088
26541089
26541091
26541092
26541100
26542820
26543771
26548918
26551521
26551529
26552873
26552889
26554850
26554963
26555117
26555968
26555973
26555975
26562612
26562695
26562803
26562947
26565976
26566811
26566816
26566821
26566824
26566831
26569860
26570066
26570560
26570571
26570573
26570574
26570589
26570596
26570600
26573634
26577218
26577230
26577297
26577712
26577730
26578029
26578074
26578209
26578252
26578324
26578692
26580132
26581343
26583335
26583345
26593448
26593454
26593456
26593975
26601185
26601397
26601617
26603332
26603386
26603389
26604276
26636532
26642516
26642527
26693323
26693325
26784467
26784484
26784491
26817093
26817099
26817129
26817179
26817188
26817203
26817228
26817240
26817282
26817301
26817384
26817397
26817413
26817434
26817454
26817510
26817537
26817552
26817569
26817595
26817654
26817694
26817714
26817743
26817760
26817796
26817826
26817832
26817865
26817900
26818064
26818068
26818071
26818074
26854843
26875357
26897187
26897704
26898170
27001247
27001637
27089322
27216853
27216854
27216856
27216860
27216876
27229758
27279036
27502614
27842467
27845009
27874034
28166853
28166854
29649898
29649909
29650253
29650273
29650339
29650488
29707181
29707185
29707186
29707187
29872616
30564072
30580787
30580829
30580901
30580960
30580961
31764920
31764922
31764923
31764925
31764926
31764939
31764943
32271866
33161487
33161490
33162457
33298592
33298631
37119600
38959778
39266936
45895090
49971794
55491652
55491654
55491660
55491661
55491662
55491665
55491666
55491672
55491673
55491677
55790100
56490845
56492167
56492196
56492201
56492208
56492235
56492246
56492267
56492286
56492306
56492334
56492688
56492715
56492718
56492719
56492735
56492737
56492740
56492744
56492747
56492750
56492753
56492760
56492761
56493120
56493123
56493216
56493248
56493251
56493266
56493279
56493351
56493358
56493365
56493371
56498198
56498353
56506082
56506296
56506301
56506445
56506456
56506809
56506826
56513879
56513931
56513971
56523225
56523881
56530699
56538640
56538648
56538809
56555685
56555780
56555810
56555926
60754139